effic_511 = 0.0478697
effic_1274 = 0.0174864